freq(Hz) real imag
-1666666.6666667 47.554 -23.787
-1665039.0625000 54.605 -25.735
-1663411.4583333 56.606 -23.356
-1661783.8541667 54.733 -25.257
-1660156.2500000 52.235 -31.247
-1658528.6458333 58.453 -44.404
-1656901.0416667 74.892 -44.215
-1655273.4375000 80.082 -35.162
-1653645.8333333 77.308 -29.227
-1652018.2291667 72.282 -34.525
-1650390.6250000 81.591 -37.553
-1648763.0208333 77.626 -32.068
-1647135.4166667 81.426 -45.785
-1645507.8125000 97.424 -35.770
-1643880.2083333 87.169 -28.600
-1642252.6041667 89.106 -35.959
-1640625.0000000 93.111 -35.944
-1638997.3958333 101.985 -33.512
-1637369.7916667 96.691 -22.458
-1635742.1875000 95.412 -33.414
-1634114.5833333 107.193 -21.411
-1632486.9791667 89.402 -18.226
-1630859.3750000 97.472 -31.427
-1629231.7708333 101.144 -20.888
-1627604.1666667 99.089 -23.708
-1625976.5625000 100.887 -15.680
-1624348.9583333 90.563 -19.632
-1622721.3541667 97.143 -24.470
-1621093.7500000 95.588 -22.780
-1619466.1458333 101.540 -26.178
-1617838.5416667 102.539 -18.457
-1616210.9375000 101.101 -19.909
-1614583.3333333 101.920 -13.358
-1612955.7291667 92.541 -14.943
-1611328.1250000 94.476 -21.755
-1609700.5208333 98.170 -22.162
-1608072.9166667 99.145 -18.572
-1606445.3125000 93.719 -22.411
-1604817.7083333 103.953 -28.112
-1603190.1041667 107.063 -18.277
-1601562.5000000 107.180 -17.552
-1599934.8958333 104.326 -5.658
-1598307.2916667 89.754 -14.902
-1596679.6875000 103.389 -20.511
-1595052.0833333 97.185 -10.499
-1593424.4791667 97.022 -20.152
-1591796.8750000 99.516 -13.242
-1590169.2708333 95.230 -19.794
-1588541.6666667 102.604 -14.802
-1586914.0625000 91.994 -15.288
-1585286.4583333 99.377 -21.234
-1583658.8541667 95.041 -16.833
-1582031.2500000 101.522 -25.541
-1580403.6458333 102.830 -11.390
-1578776.0416667 92.773 -22.230
-1577148.4375000 107.309 -19.455
-1575520.8333333 94.707 -14.960
-1573893.2291667 105.338 -25.545
-1572265.6250000 104.759 -8.409
-1570638.0208333 94.547 -17.996
-1569010.4166667 102.648 -15.926
-1567382.8125000 94.495 -16.835
-1565755.2083333 101.351 -21.608
-1564127.6041667 100.197 -18.332
-1562500.0000000 105.504 -19.735
-1560872.3958333 101.181 -10.894
-1559244.7916667 98.077 -19.536
-1557617.1875000 103.489 -13.755
-1555989.5833333 95.161 -16.708
-1554361.9791667 103.165 -18.794
-1552734.3750000 97.250 -14.172
-1551106.7708333 100.624 -21.143
-1549479.1666667 100.568 -13.596
-1547851.5625000 96.599 -21.652
-1546223.9583333 106.372 -18.645
-1544596.3541667 100.233 -13.338
-1542968.7500000 99.265 -16.800
-1541341.1458333 99.198 -18.403
-1539713.5416667 104.708 -17.551
-1538085.9375000 99.745 -10.361
-1536458.3333333 95.699 -16.056
-1534830.7291667 95.049 -15.313
-1533203.1250000 92.946 -24.918
-1531575.5208333 105.794 -23.943
-1529947.9166667 101.512 -16.554
-1528320.3125000 102.556 -20.002
-1526692.7083333 101.877 -15.643
-1525065.1041667 100.848 -18.492
-1523437.5000000 100.539 -16.003
-1521809.8958333 101.043 -21.983
-1520182.2916667 109.077 -13.306
-1518554.6875000 95.552 -9.459
-1516927.0833333 98.162 -18.353
-1515299.4791667 96.619 -13.509
-1513671.8750000 95.801 -21.355
-1512044.2708333 100.397 -16.764
-1510416.6666667 95.716 -20.288
-1508789.0625000 103.166 -18.881
-1507161.4583333 96.005 -15.164
-1505533.8541667 98.434 -21.100
-1503906.2500000 97.496 -17.779
-1502278.6458333 100.268 -23.061
-1500651.0416667 101.972 -13.282
-1499023.4375000 91.864 -19.046
-1497395.8333333 99.987 -21.896
-1495768.2291667 95.252 -20.298
-1494140.6250000 103.390 -25.074
-1492513.0208333 100.976 -13.208
-1490885.4166667 94.883 -21.710
-1489257.8125000 101.360 -18.067
-1487630.2083333 92.980 -19.803
-1486002.6041667 101.003 -24.475
-1484375.0000000 98.803 -17.263
-1482747.3958333 96.920 -21.730
-1481119.7916667 97.733 -20.286
-1479492.1875000 98.250 -22.820
-1477864.5833333 98.218 -18.068
-1476236.9791667 92.774 -24.428
-1474609.3750000 102.090 -24.840
-1472981.7708333 96.059 -19.310
-1471354.1666667 96.939 -26.693
-1469726.5625000 99.224 -23.303
-1468098.9583333 99.008 -27.051
-1466471.3541667 103.814 -22.693
-1464843.7500000 98.850 -21.274
-1463216.1458333 99.641 -22.103
-1461588.5416667 96.140 -23.439
-1459960.9375000 100.729 -26.590
-1458333.3333333 99.221 -22.797
-1456705.7291667 100.605 -27.791
-1455078.1250000 103.568 -22.174
-1453450.5208333 99.542 -24.725
-1451822.9166667 104.823 -22.846
-1450195.3125000 99.458 -20.843
-1448567.7083333 102.976 -22.785
-1446940.1041667 97.908 -18.263
-1445312.5000000 99.088 -25.900
-1443684.8958333 100.923 -17.629
-1442057.2916667 91.814 -25.188
-1440429.6875000 103.670 -27.150
-1438802.0833333 97.013 -19.997
-1437174.4791667 99.363 -28.744
-1435546.8750000 102.835 -19.777
-1433919.2708333 94.252 -22.147
-1432291.6666667 96.794 -25.685
-1430664.0625000 96.243 -27.534
-1429036.4583333 101.109 -28.072
-1427408.8541667 99.379 -24.589
-1425781.2500000 98.702 -27.291
-1424153.6458333 100.903 -28.204
-1422526.0416667 105.199 -24.641
-1420898.4375000 96.873 -18.299
-1419270.8333333 93.552 -30.958
-1417643.2291667 104.574 -28.087
-1416015.6250000 98.547 -25.074
-1414388.0208333 103.687 -27.460
-1412760.4166667 99.202 -20.874
-1411132.8125000 98.330 -27.914
-1409505.2083333 100.645 -22.403
-1407877.6041667 94.886 -26.800
-1406250.0000000 100.448 -26.828
-1404622.3958333 95.988 -26.701
-1402994.7916667 101.250 -28.190
-1401367.1875000 94.968 -24.529
-1399739.5833333 99.573 -33.847
-1398111.9791667 101.438 -21.845
-1396484.3750000 90.354 -32.669
-1394856.7708333 107.899 -34.554
-1393229.1666667 100.100 -21.751
-1391601.5625000 98.155 -31.731
-1389973.9583333 102.678 -26.499
-1388346.3541667 98.211 -27.588
-1386718.7500000 98.619 -27.613
-1385091.1458333 97.235 -32.248
-1383463.5416667 103.469 -30.598
-1381835.9375000 99.180 -30.512
-1380208.3333333 108.379 -32.496
-1378580.7291667 104.980 -19.773
-1376953.1250000 98.081 -25.123
-1375325.5208333 98.560 -22.760
-1373697.9166667 92.923 -29.850
-1372070.3125000 102.771 -29.919
-1370442.7083333 95.206 -25.293
-1368815.1041667 99.740 -34.006
-1367187.5000000 102.646 -23.394
-1365559.8958333 92.504 -25.606
-1363932.2916667 93.093 -31.507
-1362304.6875000 96.582 -36.542
-1360677.0833333 103.616 -31.495
-1359049.4791667 96.864 -29.149
-1357421.8750000 101.056 -32.759
-1355794.2708333 97.500 -26.921
-1354166.6666667 95.822 -34.843
-1352539.0625000 100.310 -32.468
-1350911.4583333 100.229 -35.875
-1349283.8541667 107.342 -27.968
-1347656.2500000 93.419 -26.043
-1346028.6458333 101.342 -37.216
-1344401.0416667 102.773 -23.594
-1342773.4375000 92.219 -30.054
-1341145.8333333 98.227 -32.736
-1339518.2291667 96.494 -33.214
-1337890.6250000 101.970 -32.112
-1336263.0208333 95.511 -27.371
-1334635.4166667 94.666 -34.072
-1333007.8125000 95.035 -33.189
-1331380.2083333 96.719 -39.453
-1329752.6041667 103.785 -33.744
-1328125.0000000 96.912 -30.534
-1326497.3958333 96.153 -34.897
-1324869.7916667 98.133 -37.432
-1323242.1875000 102.940 -33.955
-1321614.5833333 95.762 -31.613
-1319986.9791667 100.480 -38.775
-1318359.3750000 101.183 -28.797
-1316731.7708333 94.148 -35.976
-1315104.1666667 102.495 -32.685
-1313476.5625000 89.986 -32.416
-1311848.9583333 101.106 -44.915
-1310221.3541667 105.147 -27.879
-1308593.7500000 91.514 -32.011
-1306966.1458333 96.720 -36.748
-1305338.5416667 94.390 -35.444
-1303710.9375000 94.962 -39.230
-1302083.3333333 97.506 -41.472
-1300455.7291667 102.871 -37.632
-1298828.1250000 94.888 -34.008
-1297200.5208333 97.001 -43.386
-1295572.9166667 100.740 -37.995
-1293945.3125000 99.692 -43.515
-1292317.7083333 109.968 -34.881
-1290690.1041667 95.001 -28.223
-1289062.5000000 95.889 -39.192
-1287434.8958333 94.745 -34.435
-1285807.2916667 92.581 -45.935
-1284179.6875000 104.889 -43.288
-1282552.0833333 101.252 -38.072
-1280924.4791667 102.969 -37.856
-1279296.8750000 99.057 -34.616
-1277669.2708333 97.454 -37.226
-1276041.6666667 95.391 -39.750
-1274414.0625000 103.417 -43.434
-1272786.4583333 102.632 -29.496
-1271158.8541667 88.234 -36.223
-1269531.2500000 95.598 -44.928
-1267903.6458333 98.621 -42.849
-1266276.0416667 101.475 -38.947
-1264648.4375000 91.279 -37.320
-1263020.8333333 95.955 -50.957
-1261393.2291667 104.578 -41.727
-1259765.6250000 98.283 -42.265
-1258138.0208333 102.798 -39.286
-1256510.4166667 91.764 -39.200
-1254882.8125000 98.134 -50.044
-1253255.2083333 101.303 -43.154
-1251627.6041667 100.112 -47.012
-1250000.0000000 103.673 -43.476
-1248372.3958333 102.416 -45.075
-1246744.7916667 105.324 -39.197
-1245117.1875000 95.693 -43.240
-1243489.5833333 109.257 -47.829
-1241861.9791667 103.644 -32.080
-1240234.3750000 96.223 -43.817
-1238606.7708333 104.983 -39.727
-1236979.1666667 96.478 -38.450
-1235351.5625000 98.112 -41.785
-1233723.9583333 94.213 -45.445
-1232096.3541667 105.793 -49.926
-1230468.7500000 104.216 -36.366
-1228841.1458333 96.847 -42.360
-1227213.5416667 99.245 -42.060
-1225585.9375000 98.394 -48.036
-1223958.3333333 108.343 -41.428
-1222330.7291667 94.790 -36.797
-1220703.1250000 100.189 -47.819
-1219075.5208333 100.060 -36.895
-1217447.9166667 92.852 -46.598
-1215820.3125000 102.116 -44.889
-1214192.7083333 94.701 -43.946
-1212565.1041667 100.625 -49.712
-1210937.5000000 101.489 -44.202
-1209309.8958333 100.540 -44.446
-1207682.2916667 96.721 -43.946
-1206054.6875000 100.654 -51.220
-1204427.0833333 105.452 -41.781
-1202799.4791667 96.566 -43.275
-1201171.8750000 101.053 -44.139
-1199544.2708333 92.994 -43.617
-1197916.6666667 99.533 -53.658
-1196289.0625000 104.242 -43.835
-1194661.4583333 97.431 -44.278
-1193033.8541667 96.448 -45.965
-1191406.2500000 97.096 -52.648
-1189778.6458333 105.768 -47.660
-1188151.0416667 96.626 -44.669
-1186523.4375000 102.227 -51.061
-1184895.8333333 98.868 -42.165
-1183268.2291667 94.954 -54.884
-1181640.6250000 109.410 -50.492
-1180013.0208333 100.777 -41.358
-1178385.4166667 96.737 -47.892
-1176757.8125000 99.341 -52.866
-1175130.2083333 109.620 -50.439
-1173502.6041667 103.313 -37.221
-1171875.0000000 93.688 -46.794
-1170247.3958333 102.251 -49.328
-1168619.7916667 100.975 -44.760
-1166992.1875000 99.392 -43.911
-1165364.5833333 95.043 -45.669
-1163736.9791667 98.892 -48.913
-1162109.3750000 96.502 -43.851
-1160481.7708333 92.856 -50.954
-1158854.1666667 100.507 -51.379
-1157226.5625000 98.608 -44.798
-1155598.9583333 91.404 -46.597
-1153971.3541667 92.432 -54.724
-1152343.7500000 97.983 -52.697
-1150716.1458333 94.518 -53.198
-1149088.5416667 99.658 -54.467
-1147460.9375000 94.956 -50.517
-1145833.3333333 97.071 -58.732
-1144205.7291667 101.058 -51.462
-1142578.1250000 95.101 -55.700
-1140950.5208333 101.901 -54.068
-1139322.9166667 93.606 -54.292
-1137695.3125000 102.995 -60.153
-1136067.7083333 97.488 -50.620
-1134440.1041667 99.380 -65.825
-1132812.5000000 111.628 -50.527
-1131184.8958333 93.712 -52.733
-1129557.2916667 108.340 -59.199
-1127929.6875000 99.419 -46.512
-1126302.0833333 101.304 -60.684
-1124674.4791667 106.762 -45.734
-1123046.8750000 92.627 -52.461
-1121419.2708333 101.355 -53.299
-1119791.6666667 89.492 -54.825
-1118164.0625000 101.907 -67.673
-1116536.4583333 105.686 -56.287
-1114908.8541667 107.124 -60.571
-1113281.2500000 111.387 -47.364
-1111653.6458333 99.679 -46.659
-1110026.0416667 96.788 -44.978
-1108398.4375000 83.919 -57.315
-1106770.8333333 104.092 -66.823
-1105143.2291667 98.491 -49.372
-1103515.6250000 92.591 -66.339
-1101888.0208333 105.630 -63.119
-1100260.4166667 104.926 -64.161
-1098632.8125000 114.207 -53.067
-1097005.2083333 93.746 -50.054
-1095377.6041667 103.033 -67.843
-1093750.0000000 107.872 -55.892
-1092122.3958333 107.447 -62.924
-1090494.7916667 114.932 -49.785
-1088867.1875000 101.248 -53.584
-1087239.5833333 119.010 -54.255
-1085611.9791667 107.747 -29.505
-1083984.3750000 84.976 -38.969
-1082356.7708333 82.993 -56.691
-1080729.1666667 98.720 -64.121
-1079101.5625000 97.222 -48.460
-1077473.9583333 86.566 -64.178
-1075846.3541667 105.109 -61.802
-1074218.7500000 88.519 -57.967
-1072591.1458333 105.632 -79.082
-1070963.5416667 118.379 -52.893
-1069335.9375000 102.978 -53.609
-1067708.3333333 112.090 -47.735
-1066080.7291667 92.072 -38.242
-1064453.1250000 85.731 -56.324
-1062825.5208333 93.117 -61.228
-1061197.9166667 99.565 -59.688
-1059570.3125000 95.131 -50.924
-1057942.7083333 85.820 -58.381
-1056315.1041667 88.512 -66.437
-1054687.5000000 96.406 -72.317
-1053059.8958333 104.336 -60.994
-1051432.2916667 88.141 -60.129
-1049804.6875000 94.677 -76.855
-1048177.0833333 105.103 -71.763
-1046549.4791667 108.925 -69.610
-1044921.8750000 110.385 -59.299
-1043294.2708333 102.910 -58.701
-1041666.6666667 101.078 -57.876
-1040039.0625000 97.491 -66.521
-1038411.4583333 113.502 -60.297
-1036783.8541667 89.897 -43.390
-1035156.2500000 77.734 -78.076
-1033528.6458333 107.342 -88.187
-1031901.0416667 123.357 -74.971
-1030273.4375000 121.981 -50.266
-1028645.8333333 96.040 -54.708
-1027018.2291667 110.789 -70.928
-1025390.6250000 114.149 -57.422
-1023763.0208333 122.351 -58.206
-1022135.4166667 113.500 -20.895
-1020507.8125000 62.832 -47.338
-1018880.2083333 102.919 -85.968
-1017252.6041667 116.885 -45.309
-1015625.0000000 88.315 -48.274
-1013997.3958333 92.325 -61.636
-1012369.7916667 97.375 -65.540
-1010742.1875000 108.952 -61.312
-1009114.5833333 106.661 -43.923
-1007486.9791667 82.382 -37.195
-1005859.3750000 65.720 -69.397
-1004231.7708333 103.082 -84.833
-1002604.1666667 103.766 -47.178
-1000976.5625000 67.991 -62.316
-999348.9583333 86.041 -97.980
-997721.3541667 122.692 -88.842
-996093.7500000 118.302 -56.055
-994466.1458333 98.747 -72.635
-992838.5416667 137.511 -73.792
-991210.9375000 126.456 -24.949
-989583.3333333 93.860 -34.009
-987955.7291667 90.287 -34.696
-986328.1250000 69.314 -49.380
-984700.5208333 83.187 -67.640
-983072.9166667 85.344 -67.301
-981445.3125000 101.394 -74.029
-979817.7083333 103.188 -53.890
-978190.1041667 100.306 -60.403
-976562.5000000 108.005 -32.686
-974934.8958333 57.923 -29.061
-973307.2916667 54.577 -78.961
-971679.6875000 91.106 -90.298
-970052.0833333 113.625 -58.192
-968424.4791667 69.420 -32.839
-966796.8750000 58.974 -89.455
-965169.2708333 108.646 -71.707
-963541.6666667 71.267 -48.696
-961914.0625000 77.066 -74.944
-960286.4583333 65.134 -55.484
-958658.8541667 52.149 -100.056
-957031.2500000 93.574 -93.803
-955403.6458333 70.974 -87.265
-953776.0416667 98.405 -107.306
-952148.4375000 95.281 -72.474
-950520.8333333 75.704 -97.962
-948893.2291667 93.177 -100.809
-947265.6250000 91.569 -128.426
-945638.0208333 171.287 -122.818
-944010.4166667 151.215 -27.975
-942382.8125000 97.529 -67.942
-940755.2083333 157.446 -45.645
-939127.6041667 67.241 20.434
-937500.0000000 21.757 -97.074
-935872.3958333 119.309 -98.842
-934244.7916667 77.085 -54.974
-932617.1875000 97.886 -116.191
-930989.5833333 146.047 -46.347
-929361.9791667 67.093 -27.076
-927734.3750000 66.065 -67.847
-926106.7708333 43.902 -80.426
-924479.1666667 99.100 -146.225
-922851.5625000 154.834 -35.927
-921223.9583333 9.438 -40.229
-919596.3541667 83.412 -170.650
-917968.7500000 143.875 -63.223
-916341.1458333 57.464 -95.419
-914713.5416667 151.471 -124.326
-913085.9375000 122.523 -35.644
-911458.3333333 95.194 -94.300
-909830.7291667 148.949 -54.841
-908203.1250000 85.208 -26.512
-906575.5208333 79.526 -65.012
-904947.9166667 76.634 -68.647
-903320.3125000 99.370 -89.805
-901692.7083333 102.193 -42.630
-900065.1041667 40.685 -79.461
-898437.5000000 112.479 -146.139
-896809.8958333 185.959 -62.624
-895182.2916667 115.742 17.384
-893554.6875000 48.439 -28.782
-891927.0833333 76.402 -55.229
-890299.4791667 58.078 -39.183
-888671.8750000 62.582 -67.988
-887044.2708333 59.206 -31.023
-885416.6666667 4.507 -74.030
-883789.0625000 50.129 -100.932
-882161.4583333 14.486 -100.781
-880533.8541667 76.607 -178.179
-878906.2500000 128.733 -85.857
-877278.6458333 69.988 -111.911
-875651.0416667 163.052 -84.751
-874023.4375000 52.332 7.117
-872395.8333333 36.000 -125.187
-870768.2291667 117.027 -34.808
-869140.6250000 -52.754 -26.722
-867513.0208333 -29.260 -213.885
-865885.4166667 122.602 -213.141
-864257.8125000 157.502 -111.230
-862630.2083333 94.153 -71.625
-861002.6041667 83.641 -99.390
-859375.0000000 60.742 -77.442
-857747.3958333 30.212 -154.857
-856119.7916667 130.434 -169.313
-854492.1875000 126.776 -90.413
-852864.5833333 78.616 -88.402
-851236.9791667 43.654 -140.231
-849609.3750000 133.110 -204.865
-847981.7708333 183.445 -88.305
-846354.1666667 86.663 -99.241
-844726.5625000 153.562 -139.695
-843098.9583333 142.668 -81.950
-841471.3541667 157.745 -108.061
-839843.7500000 162.491 -25.358
-838216.1458333 81.197 -57.615
-836588.5416667 140.645 -77.798
-834960.9375000 104.403 -17.683
-833333.3333333 65.734 -65.394
-831705.7291667 102.745 -87.691
-830078.1250000 138.187 -43.827
-828450.5208333 75.376 20.144
-826822.9166667 17.061 -31.883
-825195.3125000 16.203 -22.118
-823567.7083333 -82.772 -71.710
-821940.1041667 -42.875 -202.671
-820312.5000000 37.258 -227.896
-818684.8958333 125.026 -216.176
-817057.2916667 114.846 -119.895
-815429.6875000 65.644 -198.523
-813802.0833333 200.063 -178.539
-812174.4791667 120.434 -70.291
-810546.8750000 96.784 -184.504
-808919.2708333 217.153 -146.060
-807291.6666667 179.180 -38.268
-805664.0625000 81.526 -50.558
-804036.4583333 96.981 -151.565
-802408.8541667 195.732 -103.858
-800781.2500000 134.273 -40.142
-799153.6458333 122.943 -64.443
-797526.0416667 79.655 -71.285
-795898.4375000 175.640 -162.057
-794270.8333333 258.809 69.646
-792643.2291667 -38.514 94.730
-791015.6250000 4.028 -123.836
-789388.0208333 46.718 -59.928
-787760.4166667 39.525 -165.723
-786132.8125000 181.430 -69.088
-784505.2083333 21.247 14.518
-782877.6041667 10.549 -95.266
-781250.0000000 -28.017 -79.314
-779622.3958333 -18.707 -261.908
-777994.7916667 204.619 -204.559
-776367.1875000 106.323 -54.799
-774739.5833333 73.720 -172.815
-773111.9791667 192.412 -116.888
-771484.3750000 88.545 -5.229
-769856.7708333 -15.219 -150.090
-768229.1666667 184.098 -235.572
-766601.5625000 221.755 7.561
-764973.9583333 -11.719 -34.008
-763346.3541667 105.295 -191.885
-761718.7500000 160.959 -57.777
-760091.1458333 93.693 -64.324
-758463.5416667 77.402 -17.236
-756835.9375000 -54.454 -126.960
-755208.3333333 144.969 -258.023
-753580.7291667 200.380 -61.641
-751953.1250000 133.402 -91.304
-750325.5208333 192.784 32.868
-748697.9166667 -55.821 52.314
-747070.3125000 -9.902 -163.112
-745442.7083333 45.513 -93.873
-743815.1041667 30.799 -191.386
-742187.5000000 151.038 -107.464
-740559.8958333 11.974 -100.758
-738932.2916667 143.064 -183.438
-737304.6875000 85.558 -20.162
-735677.0833333 36.106 -181.020
-734049.4791667 152.597 -46.939
-732421.8750000 -103.191 -109.341
-730794.2708333 132.531 -332.464
-729166.6666667 179.545 -67.789
-727539.0625000 34.904 -228.010
-725911.4583333 295.111 -228.064
-724283.8541667 244.563 -29.417
-722656.2500000 184.330 -34.638
-721028.6458333 134.697 -28.663
-719401.0416667 193.574 -77.371
-717773.4375000 194.706 76.677
-716145.8333333 61.696 28.764
-714518.2291667 128.144 46.437
-712890.6250000 -21.776 90.039
-711263.0208333 -14.343 -26.672
-709635.4166667 -82.541 5.042
-708007.8125000 -39.430 -247.372
-706380.2083333 257.241 -27.638
-704752.6041667 -126.046 149.419
-703125.0000000 -97.089 -239.279
-701497.3958333 109.825 -39.684
-699869.7916667 -107.983 -81.399
-698242.1875000 94.568 -116.221
-696614.5833333 -174.081 92.189
-694986.9791667 -264.979 -418.578
-693359.3750000 280.026 -341.066
-691731.7708333 59.280 39.364
-690104.1666667 -100.727 -235.930
-688476.5625000 125.833 -264.131
-686848.9583333 151.604 -127.835
-685221.3541667 54.528 -38.602
-683593.7500000 -66.485 -175.053
-681966.1458333 110.343 -240.986
-680338.5416667 65.916 -134.630
-678710.9375000 172.215 -240.554
-677083.3333333 194.514 124.233
-675455.7291667 -314.404 -75.640
-673828.1250000 118.470 -513.664
-672200.5208333 315.922 6.634
-670572.9166667 -88.111 -38.527
-668945.3125000 39.621 -208.866
-667317.7083333 15.821 -182.368
-665690.1041667 145.583 -257.638
-664062.5000000 153.007 -67.291
-662434.8958333 16.120 -127.717
-660807.2916667 36.833 -227.408
-659179.6875000 247.359 -343.107
-657552.0833333 451.218 102.177
-655924.4791667 -174.403 183.495
-654296.8750000 83.383 -392.275
-652669.2708333 356.927 209.669
-651041.6666667 -320.711 77.422
-649414.0625000 99.887 -322.902
-647786.4583333 65.297 105.216
-646158.8541667 -87.932 -217.956
-644531.2500000 218.154 -1.679
-642903.6458333 -195.923 56.046
-641276.0416667 25.297 -251.622
-639648.4375000 46.367 101.979
-638020.8333333 -223.331 -84.174
-636393.2291667 -51.281 -118.454
-634765.6250000 -233.314 -97.071
-633138.0208333 -144.869 -317.640
-631510.4166667 -66.189 -240.387
-629882.8125000 -67.158 -320.577
-628255.2083333 26.196 -275.113
-626627.6041667 9.275 -309.316
-625000.0000000 158.440 -244.846
-623372.3958333 27.240 -126.105
-621744.7916667 69.049 -237.284
-620117.1875000 52.614 -45.103
-618489.5833333 -138.225 -237.141
-616861.9791667 172.513 -248.302
-615234.3750000 -59.971 40.772
-613606.7708333 -168.238 -333.271
-611979.1666667 163.087 -163.926
-610351.5625000 -242.012 -8.835
-608723.9583333 -188.667 -457.389
-607096.3541667 71.351 -219.984
-605468.7500000 -301.518 -248.122
-603841.1458333 -85.705 -654.243
-602213.5416667 195.752 -437.830
-600585.9375000 78.767 -397.096
-598958.3333333 242.836 -464.128
-597330.7291667 385.287 -265.486
-595703.1250000 313.610 48.091
-594075.5208333 -179.384 129.612
-592447.9166667 -302.036 -459.373
-590820.3125000 248.629 -474.041
-589192.7083333 88.133 -72.393
-587565.1041667 -133.062 -336.465
-585937.5000000 73.409 -408.364
-584309.8958333 30.174 -383.860
-582682.2916667 181.807 -523.755
-581054.6875000 375.738 -300.887
-579427.0833333 175.127 -145.242
-577799.4791667 158.700 -297.340
-576171.8750000 257.459 -132.883
-574544.2708333 -43.612 -121.387
-572916.6666667 57.162 -456.483
-571289.0625000 315.543 -304.794
-569661.4583333 250.355 -195.676
-568033.8541667 295.941 -89.686
-566406.2500000 109.669 50.711
-564778.6458333 -34.174 12.686
-563151.0416667 -301.648 -58.009
-561523.4375000 -330.391 -519.198
-559895.8333333 -21.360 -611.954
-558268.2291667 59.264 -746.664
-556640.6250000 587.315 -749.522
-555013.0208333 708.306 -210.624
-553385.4166667 552.776 37.709
-551757.8125000 174.411 348.268
-550130.2083333 -349.336 -122.475
-548502.6041667 78.827 -528.794
-546875.0000000 220.407 -337.650
-545247.3958333 357.613 -383.824
-543619.7916667 445.867 -52.784
-541992.1875000 181.422 34.977
-540364.5833333 -2.511 -34.853
-538736.9791667 12.055 -425.140
-537109.3750000 552.984 -213.699
-535481.7708333 63.411 208.348
-533854.1666667 55.196 -356.383
-532226.5625000 367.522 81.998
-530598.9583333 -205.122 -46.642
-528971.3541667 276.523 -355.063
-527343.7500000 195.157 196.662
-525716.1458333 -180.228 -48.990
-524088.5416667 -69.924 -246.408
-522460.9375000 187.749 -332.565
-520833.3333333 269.037 201.049
-519205.7291667 -440.486 52.842
-517578.1250000 -40.138 -427.048
-515950.5208333 -135.917 22.713
-514322.9166667 -356.342 -581.558
-512695.3125000 325.845 -419.485
-511067.7083333 -109.880 -58.810
-509440.1041667 -79.947 -442.718
-507812.5000000 -32.894 -206.981
-506184.8958333 -308.169 -464.874
-504557.2916667 -89.379 -759.030
-502929.6875000 259.611 -901.016
-501302.0833333 738.724 -511.575
-499674.4791667 360.630 -11.776
-498046.8750000 86.052 -354.832
-496419.2708333 415.375 -476.961
-494791.6666667 640.208 -113.557
-493164.0625000 175.070 323.247
-491536.4583333 -302.770 -308.197
-489908.8541667 480.606 -557.075
-488281.2500000 397.381 222.485
-486653.6458333 -141.222 -50.312
-485026.0416667 73.230 -198.439
-483398.4375000 -109.028 -208.754
-481770.8333333 135.609 -502.538
-480143.2291667 338.020 -118.954
-478515.6250000 -80.088 -59.637
-476888.0208333 -88.059 -458.062
-475260.4166667 286.049 -537.302
-473632.8125000 483.113 -174.234
-472005.2083333 120.350 87.476
-470377.6041667 -115.830 -283.748
-468750.0000000 261.039 -459.129
-467122.3958333 435.235 -128.715
-465494.7916667 269.744 143.424
-463867.1875000 -137.788 257.602
-462239.5833333 -517.741 -220.106
-460611.9791667 -80.621 -682.807
-458984.3750000 236.970 -371.329
-457356.7708333 111.754 -293.450
-455729.1666667 189.716 -167.242
-454101.5625000 -208.806 -81.314
-452473.9583333 -207.933 -628.344
-450846.3541667 228.001 -504.396
-449218.7500000 -34.884 -397.392
-447591.1458333 189.898 -774.457
-445963.5416667 585.745 -400.068
-444335.9375000 241.115 -81.407
-442708.3333333 -28.029 -339.345
-441080.7291667 160.368 -713.687
-439453.1250000 761.194 -589.799
-437825.5208333 700.167 182.490
-436197.9166667 -55.481 135.603
-434570.3125000 48.826 -444.258
-432942.7083333 413.424 -263.471
-431315.1041667 200.631 -68.648
-429687.5000000 101.468 -267.573
-428059.8958333 268.895 -359.049
-426432.2916667 429.677 -247.782
-424804.6875000 411.192 -9.870
-423177.0833333 167.721 44.072
-421549.4791667 149.259 -134.726
-419921.8750000 260.981 -23.944
-418294.2708333 67.144 32.715
-416666.6666667 131.202 -89.183
-415039.0625000 85.257 203.711
-413411.4583333 -440.906 44.277
-411783.8541667 -280.017 -563.010
-410156.2500000 232.092 -437.912
-408528.6458333 103.670 -77.033
-406901.0416667 -136.324 -236.814
-405273.4375000 46.222 -337.102
-403645.8333333 -73.904 -132.421
-402018.2291667 -302.527 -477.252
-400390.6250000 116.523 -666.188
-398763.0208333 144.343 -367.803
-397135.4166667 51.934 -550.156
-395507.8125000 334.460 -461.000
-393880.2083333 80.462 -243.503
-392252.6041667 -29.476 -692.956
-390625.0000000 597.933 -789.302
-388997.3958333 744.912 -131.411
-387369.7916667 277.931 -5.858
-385742.1875000 273.345 -120.762
-384114.5833333 21.538 -48.507
-382486.9791667 44.248 -525.777
-380859.3750000 488.673 -313.914
-379231.7708333 218.993 -168.587
-377604.1666667 456.531 -226.495
-375976.5625000 127.074 160.896
-374348.9583333 16.253 -479.596
-372721.3541667 667.840 -57.622
-371093.7500000 -91.414 251.317
-369466.1458333 142.868 -312.516
-367838.5416667 87.525 375.353
-366210.9375000 -704.175 -243.041
-364583.3333333 -17.791 -740.638
-362955.7291667 -6.181 -517.580
-361328.1250000 386.881 -884.424
-359700.5208333 855.323 -207.567
-358072.9166667 455.707 128.054
-356445.3125000 331.802 390.411
-354817.7083333 -558.648 429.050
-353190.1041667 -669.958 -728.721
-351562.5000000 379.506 -852.234
-349934.8958333 511.508 -66.080
-348307.2916667 -49.870 104.694
-346679.6875000 -261.456 -280.257
-345052.0833333 -85.693 -462.217
-343424.4791667 -37.685 -516.237
-341796.8750000 132.594 -636.993
-340169.2708333 326.791 -561.491
-338541.6666667 479.630 -455.169
-336914.0625000 548.902 -127.544
-335286.4583333 193.054 58.118
-333658.8541667 24.964 -280.328
-332031.2500000 460.027 -354.617
-330403.6458333 453.079 292.494
-328776.0416667 -334.376 202.163
-327148.4375000 -67.393 -481.034
-325520.8333333 296.979 46.519
-323893.2291667 -388.297 63.282
-322265.6250000 -179.452 -494.321
-320638.0208333 29.330 -216.942
-319010.4166667 -162.898 -292.845
-317382.8125000 -74.308 -241.039
-315755.2083333 -466.630 -327.887
-314127.6041667 -268.386 -982.920
-312500.0000000 411.210 -867.934
-310872.3958333 472.956 -379.378
-309244.7916667 199.676 -226.540
-307617.1875000 101.537 -420.913
-305989.5833333 325.103 -407.218
-304361.9791667 258.742 -213.154
-302734.3750000 272.282 -243.692
-301106.7708333 235.109 107.055
-299479.1666667 -421.890 22.844
-297851.5625000 -294.727 -792.788
-296223.9583333 540.704 -575.229
-294596.3541667 182.002 203.653
-292968.7500000 -470.639 -276.860
-291341.1458333 21.436 -700.045
-289713.5416667 156.628 -360.577
-288085.9375000 119.375 -415.158
-286458.3333333 125.465 -119.350
-284830.7291667 -309.264 -381.881
-283203.1250000 270.674 -563.929
-281575.5208333 -141.412 173.799
-279947.9166667 -739.570 -820.343
-278320.3125000 415.038 -987.702
-276692.7083333 51.326 -227.193
-275065.1041667 13.125 -920.490
-273437.5000000 641.614 -284.558
-271809.8958333 -346.920 -21.017
-270182.2916667 -243.157 -975.104
-268554.6875000 405.515 -728.544
-266927.0833333 235.231 -449.069
-265299.4791667 223.797 -468.313
-263671.8750000 124.053 -329.745
-262044.2708333 -142.575 -499.557
-260416.6666667 59.418 -927.692
-258789.0625000 608.996 -742.789
-257161.4583333 519.179 -228.204
-255533.8541667 212.054 -123.335
-253906.2500000 -174.774 -161.462
-252278.6458333 -326.733 -847.028
-250651.0416667 558.375 -1036.239
-249023.4375000 643.096 -149.032
-247395.8333333 -26.747 -245.537
-245768.2291667 242.639 -531.137
-244140.6250000 68.189 -175.940
-242513.0208333 -237.439 -766.821
-240885.4166667 567.824 -888.514
-239257.8125000 427.857 -231.616
-237630.2083333 332.686 -612.756
-236002.6041667 830.820 96.761
-234375.0000000 -553.630 523.705
-232747.3958333 -731.262 -1027.966
-231119.7916667 356.238 -873.362
-229492.1875000 -56.790 -639.363
-227864.5833333 492.696 -1088.539
-226236.9791667 710.892 -202.389
-224609.3750000 11.559 -371.087
-222981.7708333 505.595 -571.027
-221354.1666667 195.182 -3.884
-219726.5625000 -156.713 -650.421
-218098.9583333 643.330 -648.695
-216471.3541667 384.377 185.292
-214843.7500000 -365.278 -93.466
-213216.1458333 -242.408 -578.732
-211588.5416667 -201.333 -605.439
-209960.9375000 -129.592 -1046.523
-208333.3333333 626.990 -957.329
-206705.7291667 435.756 -177.939
-205078.1250000 -77.301 -510.735
-203450.5208333 251.571 -568.238
-201822.9166667 -151.737 -494.059
-200195.3125000 156.302 -1103.479
-198567.7083333 508.967 -535.529
-196940.1041667 -42.639 -837.040
-195312.5000000 905.226 -1135.315
-193684.8958333 858.003 -27.257
-192057.2916667 213.949 -389.247
-190429.6875000 799.153 -297.169
-188802.0833333 243.724 400.401
-187174.4791667 -478.177 -75.255
-185546.8750000 -441.446 -806.572
-183919.2708333 344.983 -1181.901
-182291.6666667 891.520 -356.240
-180664.0625000 226.294 186.874
-179036.4583333 -294.530 4.047
-177408.8541667 -785.159 -518.911
-175781.2500000 -307.162 -1534.864
-174153.6458333 804.787 -1211.746
-172526.0416667 724.540 -445.454
-170898.4375000 524.479 -281.128
-169270.8333333 200.506 34.703
-167643.2291667 -395.228 -338.106
-166015.6250000 -30.728 -912.950
-164388.0208333 276.326 -538.671
-162760.4166667 -131.986 -590.224
-161132.8125000 166.635 -979.106
-159505.2083333 408.719 -695.368
-157877.6041667 393.220 -704.456
-156250.0000000 622.717 -408.521
-154622.3958333 264.470 -174.413
-152994.7916667 348.335 -229.235
-151367.1875000 -60.456 373.852
-149739.5833333 -1033.370 -318.074
-148111.9791667 -374.291 -1206.845
-146484.3750000 44.937 -758.878
-144856.7708333 -157.577 -794.189
-143229.1666667 11.845 -689.960
-141601.5625000 -480.455 -617.164
-139973.9583333 -524.776 -1379.477
-138346.3541667 119.606 -1596.467
-136718.7500000 600.701 -1454.157
-135091.1458333 1005.796 -761.526
-133463.5416667 209.578 -128.491
-131835.9375000 -252.642 -888.884
-130208.3333333 298.246 -1015.602
-128580.7291667 265.300 -791.559
-126953.1250000 308.266 -628.970
-125325.5208333 -256.190 -545.340
-123697.9166667 -154.796 -1334.400
-122070.3125000 409.180 -1019.588
-120442.7083333 119.404 -1011.091
-118815.1041667 585.022 -931.549
-117187.5000000 13.722 -406.514
-115559.8958333 -155.743 -1176.152
-113932.2916667 313.725 -864.606
-112304.6875000 -247.196 -949.614
-110677.0833333 214.511 -1351.361
-109049.4791667 198.167 -843.756
-107421.8750000 -249.364 -1179.741
-105794.2708333 102.205 -1716.287
-104166.6666667 833.524 -1491.233
-102539.0625000 583.368 -759.570
-100911.4583333 289.438 -1205.307
-99283.8541667 809.159 -735.011
-97656.2500000 -242.714 -495.268
-96028.6458333 32.642 -1390.844
-94401.0416667 -9.997 -739.850
-92773.4375000 -582.399 -1849.601
-91145.8333333 911.701 -1892.911
-89518.2291667 351.752 -894.826
-87890.6250000 164.023 -1629.484
-86263.0208333 473.454 -1408.525
-84635.4166667 453.363 -1739.264
-83007.8125000 1061.481 -1320.580
-81380.2083333 483.438 -956.640
-79752.6041667 484.881 -1225.102
-78125.0000000 263.979 -1212.938
-76497.3958333 624.250 -1622.636
-74869.7916667 746.425 -953.836
-73242.1875000 324.967 -1287.064
-71614.5833333 868.481 -878.676
-69986.9791667 -349.043 -424.673
-68359.3750000 -673.948 -1658.648
-66731.7708333 -350.718 -2003.664
-65104.1666667 144.458 -2748.442
-63476.5625000 1186.304 -2041.876
-61848.9583333 288.189 -1603.434
-60221.3541667 674.678 -2504.422
-58593.7500000 1295.743 -1722.743
-56966.1458333 632.360 -1455.295
-55338.5416667 487.481 -1745.321
-53710.9375000 392.852 -1968.030
-52083.3333333 598.256 -2274.597
-50455.7291667 848.860 -2243.086
-48828.1250000 889.845 -2195.477
-47200.5208333 983.311 -2305.695
-45572.9166667 1277.793 -2136.921
-43945.3125000 997.230 -1765.071
-42317.7083333 559.450 -2052.793
-40690.1041667 531.452 -2601.572
-39062.5000000 1154.751 -3025.445
-37434.8958333 1491.880 -2339.594
-35807.2916667 705.326 -2633.780
-34179.6875000 1572.257 -3259.381
-32552.0833333 1408.144 -2295.227
-30924.4791667 583.300 -3494.449
-29296.8750000 2088.477 -4224.351
-27669.2708333 2652.212 -3373.426
-26041.6666667 2422.544 -3023.975
-24414.0625000 1923.076 -3512.604
-22786.4583333 3072.096 -4482.158
-21158.8541667 3958.901 -3228.726
-19531.2500000 3221.903 -3418.167
-17903.6458333 4499.049 -3538.417
-16276.0416667 3957.149 -2308.224
-14648.4375000 3482.822 -3631.857
-13020.8333333 5012.232 -3948.385
-11393.2291667 5887.144 -3468.965
-9765.6250000 6862.249 -2396.806
-8138.0208333 6252.774 -1231.089
-6510.4166667 6268.621 -1655.124
-4882.8125000 7152.483 -770.975
-3255.2083333 6665.024 270.167
-1627.6041667 6311.904 377.817
0.0000000 6513.755 604.607
1627.6041667 6668.760 1311.932
3255.2083333 6450.957 2051.926
4882.8125000 5990.516 2881.177
6510.4166667 4952.827 3048.603
8138.0208333 5056.248 2829.588
9765.6250000 4503.593 3895.249
11393.2291667 3228.146 3155.381
13020.8333333 4016.901 2831.508
14648.4375000 3457.797 3673.523
16276.0416667 3054.420 3298.432
17903.6458333 2651.562 3741.947
19531.2500000 1939.590 2901.578
21158.8541667 2682.945 2962.758
22786.4583333 1681.572 3315.837
24414.0625000 1951.401 2216.190
26041.6666667 2463.322 3156.856
27669.2708333 1356.500 3230.443
29296.8750000 1253.911 2671.123
30924.4791667 1179.678 2384.197
32552.0833333 1505.385 2261.203
34179.6875000 1301.660 2367.469
35807.2916667 1733.091 2153.820
37434.8958333 1485.924 3224.035
39062.5000000 283.729 2534.115
40690.1041667 984.124 2075.743
42317.7083333 305.536 2374.145
43945.3125000 580.609 1059.432
45572.9166667 1690.206 1774.616
47200.5208333 983.063 2250.827
48828.1250000 1024.545 2038.307
50455.7291667 681.979 2275.319
52083.3333333 486.547 1802.652
53710.9375000 668.571 1660.029
55338.5416667 984.645 1527.854
56966.1458333 1203.350 2232.647
58593.7500000 255.273 2372.809
60221.3541667 250.358 1642.663
61848.9583333 466.766 1794.748
63476.5625000 215.350 1655.943
65104.1666667 361.203 1441.244
66731.7708333 495.176 1429.915
68359.3750000 641.030 1601.228
69986.9791667 335.614 1849.383
71614.5833333 35.905 1458.274
73242.1875000 468.937 1265.810
74869.7916667 374.554 1819.244
76497.3958333 -319.221 1389.633
78125.0000000 364.736 781.235
79752.6041667 580.385 1574.947
81380.2083333 -105.529 1326.949
83007.8125000 388.652 979.406
84635.4166667 378.393 1434.620
86263.0208333 112.973 1363.451
87890.6250000 -114.546 1231.118
89518.2291667 132.124 623.860
91145.8333333 902.170 1256.045
92773.4375000 -119.923 1918.630
94401.0416667 -506.248 866.306
96028.6458333 161.135 837.719
97656.2500000 -156.393 1046.185
99283.8541667 -175.446 541.392
100911.4583333 259.104 464.632
102539.0625000 360.947 621.555
104166.6666667 554.617 558.667
105794.2708333 830.011 1064.907
107421.8750000 124.912 1316.814
109049.4791667 273.961 574.444
110677.0833333 913.388 1327.337
112304.6875000 -243.287 1809.574
113932.2916667 -583.628 747.755
115559.8958333 -27.124 508.641
117187.5000000 183.448 527.008
118815.1041667 443.268 804.556
120442.7083333 76.493 1067.710
122070.3125000 -16.069 721.460
123697.9166667 182.965 940.736
125325.5208333 -451.098 998.656
126953.1250000 -448.379 29.939
128580.7291667 536.513 139.422
130208.3333333 128.594 754.815
131835.9375000 104.274 -28.933
133463.5416667 998.918 519.500
135091.1458333 58.435 1039.872
136718.7500000 224.768 -38.271
138346.3541667 1143.989 672.182
139973.9583333 387.299 1124.152
141601.5625000 616.198 792.178
143229.1666667 381.688 1660.752
144856.7708333 -768.945 1008.912
146484.3750000 117.768 76.144
148111.9791667 505.235 1104.776
149739.5833333 -525.364 955.304
151367.1875000 -54.912 227.889
152994.7916667 70.904 810.009
154622.3958333 -469.630 347.279
156250.0000000 202.736 -5.338
157877.6041667 303.440 401.324
159505.2083333 445.652 416.162
161132.8125000 195.595 1121.228
162760.4166667 -865.254 497.578
164388.0208333 -130.266 -535.393
166015.6250000 430.921 -134.560
167643.2291667 549.503 -287.172
169270.8333333 1244.188 99.945
170898.4375000 1010.323 869.955
172526.0416667 527.199 989.787
174153.6458333 208.414 767.537
175781.2500000 463.617 585.929
177408.8541667 240.948 1073.302
179036.4583333 -386.736 384.395
180664.0625000 613.087 -146.910
182291.6666667 937.172 854.153
183919.2708333 260.611 1072.149
185546.8750000 -19.726 874.189
187174.4791667 -177.723 468.363
188802.0833333 278.598 256.740
190429.6875000 289.203 634.795
192057.2916667 77.967 383.428
193684.8958333 498.653 345.024
195312.5000000 416.010 813.570
196940.1041667 -22.786 641.037
198567.7083333 280.725 258.851
200195.3125000 616.824 732.781
201822.9166667 88.317 1035.068
203450.5208333 -141.103 751.759
205078.1250000 -382.307 677.269
206705.7291667 -479.517 -92.228
208333.3333333 518.774 -227.710
209960.9375000 495.901 621.657
211588.5416667 15.789 374.710
213216.1458333 352.133 270.783
214843.7500000 211.323 507.860
216471.3541667 129.265 312.520
218098.9583333 204.090 284.091
219726.5625000 320.063 187.420
221354.1666667 436.838 479.837
222981.7708333 -65.320 337.446
224609.3750000 531.660 -352.290
226236.9791667 1285.899 646.113
227864.5833333 155.394 1237.112
229492.1875000 -60.051 280.752
231119.7916667 535.863 476.933
232747.3958333 98.936 690.417
234375.0000000 156.252 254.079
236002.6041667 434.574 396.697
237630.2083333 367.558 473.874
239257.8125000 481.566 503.775
240885.4166667 495.424 777.868
242513.0208333 133.361 1000.507
244140.6250000 -304.603 655.753
245768.2291667 -55.718 184.721
247395.8333333 233.997 318.374
249023.4375000 221.404 346.123
250651.0416667 392.516 504.843
252278.6458333 -15.105 778.995
253906.2500000 -346.031 99.148
255533.8541667 512.189 -277.436
257161.4583333 905.841 562.889
258789.0625000 287.947 915.381
260416.6666667 21.961 603.726
262044.2708333 137.513 408.964
263671.8750000 323.018 561.171
265299.4791667 -30.617 758.835
266927.0833333 -155.385 254.992
268554.6875000 265.837 319.383
270182.2916667 46.274 420.700
271809.8958333 347.510 300.118
273437.5000000 87.340 889.950
275065.1041667 -538.018 237.187
276692.7083333 182.206 -148.089
278320.3125000 183.350 257.739
279947.9166667 173.707 -17.463
281575.5208333 403.981 85.051
283203.1250000 555.778 -34.240
284830.7291667 1055.394 487.397
286458.3333333 365.361 1076.624
288085.9375000 78.285 518.487
289713.5416667 358.771 736.593
291341.1458333 -272.085 816.131
292968.7500000 -337.445 35.010
294596.3541667 350.616 -170.368
296223.9583333 746.428 293.815
297851.5625000 514.361 822.372
299479.1666667 -15.297 697.150
301106.7708333 247.610 307.008
302734.3750000 415.495 935.483
304361.9791667 -578.213 874.037
305989.5833333 -327.375 -188.599
307617.1875000 416.833 177.119
309244.7916667 61.206 431.337
310872.3958333 147.667 225.962
312500.0000000 164.706 367.837
314127.6041667 126.555 331.527
315755.2083333 23.911 346.388
317382.8125000 81.237 74.766
319010.4166667 327.226 212.793
320638.0208333 280.409 222.562
322265.6250000 466.912 494.979
323893.2291667 -192.212 573.645
325520.8333333 121.437 -264.065
327148.4375000 781.006 405.062
328776.0416667 126.588 673.511
330403.6458333 132.171 429.537
332031.2500000 -97.190 384.865
333658.8541667 200.242 32.692
335286.4583333 210.190 450.186
336914.0625000 32.564 -21.110
338541.6666667 616.785 307.074
340169.2708333 -140.709 403.456
341796.8750000 581.622 -382.923
343424.4791667 934.730 943.245
345052.0833333 -409.596 656.823
346679.6875000 323.484 -167.174
348307.2916667 429.264 570.765
349934.8958333 50.320 121.160
351562.5000000 680.114 168.770
353190.1041667 376.329 583.465
354817.7083333 400.416 233.330
356445.3125000 638.981 627.140
358072.9166667 179.956 609.890
359700.5208333 562.710 405.831
361328.1250000 377.825 1093.476
362955.7291667 -336.161 613.373
364583.3333333 200.061 180.956
366210.9375000 264.891 503.265
367838.5416667 325.280 365.819
369466.1458333 458.115 757.378
371093.7500000 -19.381 837.139
372721.3541667 -156.244 488.632
374348.9583333 91.542 185.310
375976.5625000 506.522 543.921
377604.1666667 -74.712 822.326
379231.7708333 53.284 184.330
380859.3750000 426.070 731.218
382486.9791667 -186.954 631.169
384114.5833333 324.246 407.155
385742.1875000 36.156 1057.834
387369.7916667 -473.832 608.109
388997.3958333 -347.034 318.554
390625.0000000 -98.066 -20.008
392252.6041667 379.342 446.675
393880.2083333 -353.810 589.208
395507.8125000 19.809 -154.683
397135.4166667 441.288 452.716
398763.0208333 120.931 459.202
400390.6250000 300.910 745.128
402018.2291667 -414.304 769.676
403645.8333333 -92.980 171.906
405273.4375000 -66.968 775.931
406901.0416667 -729.215 240.557
408528.6458333 -40.378 -279.092
410156.2500000 297.435 163.793
411783.8541667 167.706 425.689
413411.4583333 -119.103 383.290
415039.0625000 52.441 96.293
416666.6666667 231.263 348.488
418294.2708333 193.029 364.897
419921.8750000 276.336 801.626
421549.4791667 -570.605 866.226
423177.0833333 -531.470 2.844
424804.6875000 -37.403 154.523
426432.2916667 -230.930 260.289
428059.8958333 -296.419 134.538
429687.5000000 -285.751 -246.708
431315.1041667 443.496 -253.637
432942.7083333 293.715 544.619
434570.3125000 -258.349 176.707
436197.9166667 184.386 -10.082
437825.5208333 107.810 297.632
439453.1250000 1.744 160.670
441080.7291667 35.296 153.061
442708.3333333 42.425 42.498
444335.9375000 227.807 -6.211
445963.5416667 486.966 173.349
447591.1458333 320.553 712.777
449218.7500000 -368.971 526.911
450846.3541667 -203.674 -39.546
452473.9583333 -5.011 -37.151
454101.5625000 272.635 -270.134
455729.1666667 794.715 231.733
457356.7708333 273.674 813.570
458984.3750000 -219.193 434.440
460611.9791667 53.536 36.484
462239.5833333 392.295 374.725
463867.1875000 -111.972 597.195
465494.7916667 -93.389 31.747
467122.3958333 297.469 292.365
468750.0000000 39.373 351.862
470377.6041667 230.865 428.898
472005.2083333 -276.293 587.515
473632.8125000 -138.083 -64.713
475260.4166667 223.998 359.045
476888.0208333 -145.541 236.310
478515.6250000 250.575 327.183
480143.2291667 -380.447 585.945
481770.8333333 -254.526 -195.121
483398.4375000 115.228 211.214
485026.0416667 -242.088 -76.133
486653.6458333 432.240 -139.148
488281.2500000 264.525 416.327
489908.8541667 102.484 338.315
491536.4583333 -196.257 419.857
493164.0625000 -179.618 -234.398
494791.6666667 494.729 34.177
496419.2708333 143.741 352.242
498046.8750000 299.106 192.973
499674.4791667 201.066 623.179
501302.0833333 -207.696 477.408
502929.6875000 -256.182 216.547
504557.2916667 -37.709 -21.825
506184.8958333 129.654 308.504
507812.5000000 -296.720 152.302
509440.1041667 169.816 -173.609
511067.7083333 228.853 330.644
512695.3125000 -27.672 177.159
514322.9166667 117.914 228.329
515950.5208333 -61.967 221.216
517578.1250000 16.323 124.794
519205.7291667 2.418 77.235
520833.3333333 247.004 127.797
522460.9375000 -40.958 414.507
524088.5416667 -137.186 -68.496
525716.1458333 292.918 97.429
527343.7500000 38.383 258.518
528971.3541667 107.185 178.874
530598.9583333 -95.613 207.259
532226.5625000 169.113 -127.930
533854.1666667 367.331 440.914
535481.7708333 -289.502 358.618
537109.3750000 -33.334 -162.898
538736.9791667 313.519 9.467
540364.5833333 413.774 299.564
541992.1875000 97.283 643.084
543619.7916667 -274.603 376.790
545247.3958333 -206.655 201.286
546875.0000000 -288.290 39.935
548502.6041667 -39.321 -167.235
550130.2083333 111.094 -1.696
551757.8125000 66.723 35.677
553385.4166667 39.210 24.003
555013.0208333 91.389 -117.187
556640.6250000 342.391 -50.166
558268.2291667 321.233 192.299
559895.8333333 176.544 214.822
561523.4375000 163.364 141.151
563151.0416667 236.004 139.353
564778.6458333 318.554 203.905
566406.2500000 338.704 464.087
568033.8541667 -78.218 580.052
569661.4583333 -160.119 152.915
571289.0625000 126.675 260.889
572916.6666667 -162.461 374.992
574544.2708333 -198.045 105.107
576171.8750000 -141.782 17.101
577799.4791667 72.319 -118.622
579427.0833333 181.157 197.659
581054.6875000 -130.876 91.698
582682.2916667 161.037 -91.426
584309.8958333 169.055 184.834
585937.5000000 79.943 110.863
587565.1041667 58.015 204.533
589192.7083333 -71.804 -25.666
590820.3125000 302.646 -53.345
592447.9166667 216.690 267.307
594075.5208333 121.065 172.986
595703.1250000 116.847 310.799
597330.7291667 -96.512 204.971
598958.3333333 17.643 119.766
600585.9375000 -124.204 161.128
602213.5416667 -112.786 -129.372
603841.1458333 135.178 -158.858
605468.7500000 266.628 -95.151
607096.3541667 348.802 104.018
608723.9583333 169.777 134.388
610351.5625000 383.428 30.716
611979.1666667 426.538 506.424
613606.7708333 -128.625 540.743
615234.3750000 -191.431 152.291
616861.9791667 -93.370 59.295
618489.5833333 4.083 -45.976
620117.1875000 87.623 14.385
621744.7916667 111.829 -112.604
623372.3958333 455.992 24.914
625000.0000000 233.716 399.069
626627.6041667 77.429 193.508
628255.2083333 134.583 377.750
629882.8125000 -285.713 208.873
631510.4166667 70.454 -182.885
633138.0208333 202.108 215.937
634765.6250000 -66.469 55.198
636393.2291667 217.340 22.365
638020.8333333 34.326 212.183
639648.4375000 37.042 -57.649
641276.0416667 242.097 74.279
642903.6458333 120.592 139.974
644531.2500000 155.854 128.291
646158.8541667 55.715 163.938
647786.4583333 101.225 25.350
649414.0625000 196.905 173.194
651041.6666667 -22.147 197.928
652669.2708333 -13.322 -29.473
654296.8750000 144.759 -47.478
655924.4791667 219.626 -21.757
657552.0833333 334.452 95.549
659179.6875000 208.004 289.842
660807.2916667 29.810 182.285
662434.8958333 97.292 91.996
664062.5000000 87.377 104.733
665690.1041667 122.938 34.453
667317.7083333 200.088 80.499
668945.3125000 194.834 138.677
670572.9166667 140.882 203.255
672200.5208333 22.683 126.206
673828.1250000 123.032 10.155
675455.7291667 172.822 104.220
677083.3333333 105.406 57.946
678710.9375000 219.254 1.878
680338.5416667 289.331 123.426
681966.1458333 188.152 201.210
683593.7500000 137.909 88.466
685221.3541667 302.278 88.207
686848.9583333 263.175 278.409
688476.5625000 134.259 221.333
690104.1666667 197.969 214.083
691731.7708333 113.548 273.360
693359.3750000 77.383 178.891
694986.9791667 133.998 170.219
696614.5833333 140.016 200.446
698242.1875000 112.887 224.589
699869.7916667 95.745 207.860
701497.3958333 74.860 244.065
703125.0000000 -3.980 169.302
704752.6041667 117.675 141.891
706380.2083333 -2.430 274.968
708007.8125000 -72.447 15.415
709635.4166667 205.301 102.952
711263.0208333 -80.152 261.448
712890.6250000 -62.233 -137.797
714518.2291667 271.950 23.272
716145.8333333 36.988 152.096
717773.4375000 101.213 -96.849
719401.0416667 320.897 21.225
721028.6458333 272.421 181.706
722656.2500000 180.100 198.556
724283.8541667 198.743 160.579
725911.4583333 196.234 280.341
727539.0625000 31.401 226.904
729166.6666667 154.721 147.386
730794.2708333 67.989 317.236
732421.8750000 -62.162 104.772
734049.4791667 152.052 105.496
735677.0833333 15.300 207.297
737304.6875000 65.729 37.583
738932.2916667 139.489 197.966
740559.8958333 -35.940 126.508
742187.5000000 125.824 33.815
743815.1041667 92.753 189.975
745442.7083333 9.889 73.152
747070.3125000 116.101 85.790
748697.9166667 17.765 109.150
750325.5208333 82.858 -37.364
751953.1250000 214.789 78.866
753580.7291667 79.142 136.796
755208.3333333 110.043 -2.051
756835.9375000 225.674 79.956
758463.5416667 145.370 131.654
760091.1458333 173.188 79.526
761718.7500000 201.985 142.968
763346.3541667 183.635 161.029
764973.9583333 173.916 241.915
766601.5625000 6.469 247.289
768229.1666667 -21.807 55.243
769856.7708333 132.768 1.502
771484.3750000 202.245 90.156
773111.9791667 175.902 148.934
774739.5833333 161.062 172.053
776367.1875000 92.365 217.529
777994.7916667 4.949 101.327
779622.3958333 156.528 20.044
781250.0000000 179.068 168.641
782877.6041667 82.487 105.193
784505.2083333 214.471 88.141
786132.8125000 162.029 231.186
787760.4166667 72.455 142.882
789388.0208333 162.683 137.400
791015.6250000 100.732 205.470
792643.2291667 67.780 115.155
794270.8333333 156.707 114.940
795898.4375000 141.158 187.611
797526.0416667 96.708 171.128
799153.6458333 117.718 163.079
800781.2500000 100.116 200.200
802408.8541667 55.712 187.970
804036.4583333 33.759 172.687
805664.0625000 -14.677 112.153
807291.6666667 63.558 1.877
808919.2708333 193.784 64.700
810546.8750000 178.862 161.216
812174.4791667 146.542 212.860
813802.0833333 37.411 232.331
815429.6875000 14.439 103.785
817057.2916667 114.730 127.707
818684.8958333 30.240 168.051
820312.5000000 52.694 55.396
821940.1041667 144.789 116.319
823567.7083333 86.892 160.935
825195.3125000 82.675 146.428
826822.9166667 36.447 155.325
828450.5208333 43.264 62.311
830078.1250000 150.985 101.408
831705.7291667 84.541 190.915
833333.3333333 42.522 120.867
834960.9375000 93.054 149.692
836588.5416667 -8.147 177.668
838216.1458333 -28.890 39.172
839843.7500000 90.363 8.900
841471.3541667 139.950 70.617
843098.9583333 132.078 146.416
844726.5625000 27.490 162.452
846354.1666667 10.244 42.232
847981.7708333 115.449 23.240
849609.3750000 149.450 84.079
851236.9791667 140.212 138.450
852864.5833333 79.970 165.737
854492.1875000 36.376 127.796
856119.7916667 32.129 79.448
857747.3958333 82.392 42.576
859375.0000000 113.823 93.995
861002.6041667 63.413 80.120
862630.2083333 134.057 33.316
864257.8125000 174.677 136.791
865885.4166667 77.240 165.479
867513.0208333 71.910 100.262
869140.6250000 102.726 129.288
870768.2291667 42.585 137.198
872395.8333333 48.562 70.364
874023.4375000 89.137 86.705
875651.0416667 70.258 84.097
877278.6458333 102.994 77.756
878906.2500000 89.441 106.982
880533.8541667 93.922 89.259
882161.4583333 86.894 133.916
883789.0625000 23.006 91.397
885416.6666667 74.931 41.560
887044.2708333 89.179 58.153
888671.8750000 132.255 41.357
890299.4791667 157.874 126.449
891927.0833333 74.428 143.470
893554.6875000 65.585 94.462
895182.2916667 80.595 84.220
896809.8958333 92.684 86.664
898437.5000000 92.086 85.379
900065.1041667 124.605 101.672
901692.7083333 70.594 165.489
903320.3125000 0.356 80.769
904947.9166667 71.837 37.171
906575.5208333 75.895 42.311
908203.1250000 159.355 26.605
909830.7291667 159.767 171.140
911458.3333333 16.812 135.751
913085.9375000 81.357 55.215
914713.5416667 76.501 126.732
916341.1458333 19.400 63.730
917968.7500000 82.980 36.481
919596.3541667 70.733 49.659
921223.9583333 126.232 -0.480
922851.5625000 194.753 108.429
924479.1666667 65.689 162.893
926106.7708333 52.868 48.864
927734.3750000 125.178 83.690
929361.9791667 59.777 101.955
930989.5833333 92.937 31.459
932617.1875000 152.317 103.801
934244.7916667 55.516 149.883
935872.3958333 21.544 41.961
937500.0000000 128.730 26.029
939127.6041667 119.064 121.223
940755.2083333 45.860 92.031
942382.8125000 72.329 45.981
944010.4166667 95.398 49.670
945638.0208333 112.973 61.733
947265.6250000 103.468 80.953
948893.2291667 96.441 79.889
950520.8333333 74.970 74.956
952148.4375000 104.039 30.317
953776.0416667 146.520 98.382
955403.6458333 56.996 103.989
957031.2500000 99.587 35.184
958658.8541667 114.531 99.373
960286.4583333 71.949 66.616
961914.0625000 110.684 67.454
963541.6666667 84.457 71.914
965169.2708333 118.141 59.770
966796.8750000 92.558 100.649
968424.4791667 75.981 49.636
970052.0833333 120.386 59.664
971679.6875000 106.294 80.492
973307.2916667 94.756 79.973
974934.8958333 89.188 51.889
976562.5000000 137.555 61.387
978190.1041667 106.949 101.674
979817.7083333 109.274 70.522
981445.3125000 115.082 120.534
983072.9166667 49.832 100.917
984700.5208333 64.772 61.371
986328.1250000 66.513 41.454
987955.7291667 118.482 29.267
989583.3333333 115.312 77.232
991210.9375000 107.560 58.643
992838.5416667 112.838 94.712
994466.1458333 63.018 64.238
996093.7500000 116.887 34.935
997721.3541667 117.872 77.160
999348.9583333 106.355 71.867
1000976.5625000 91.971 74.524
1002604.1666667 105.283 39.692
1004231.7708333 134.016 75.485
1005859.3750000 102.401 73.005
1007486.9791667 129.535 77.309
1009114.5833333 86.262 93.185
1010742.1875000 111.252 40.111
1012369.7916667 141.323 97.367
1013997.3958333 91.121 98.292
1015625.0000000 95.736 85.262
1017252.6041667 79.520 66.717
1018880.2083333 127.206 54.200
1020507.8125000 115.911 108.537
1022135.4166667 85.371 85.181
1023763.0208333 95.653 89.638
1025390.6250000 72.488 78.954
1027018.2291667 87.874 62.808
1028645.8333333 86.778 63.781
1030273.4375000 100.221 56.289
1031901.0416667 99.891 66.825
1033528.6458333 106.217 59.511
1035156.2500000 106.868 78.347
1036783.8541667 91.605 63.652
1038411.4583333 115.322 60.663
1040039.0625000 113.857 81.379
1041666.6666667 98.232 88.219
1043294.2708333 83.988 67.944
1044921.8750000 116.008 63.401
1046549.4791667 95.900 98.358
1048177.0833333 77.351 59.433
1049804.6875000 112.020 66.847
1051432.2916667 91.446 80.225
1053059.8958333 92.338 69.897
1054687.5000000 83.443 60.950
1056315.1041667 117.866 48.086
1057942.7083333 113.222 96.704
1059570.3125000 80.443 72.786
1061197.9166667 101.563 76.250
1062825.5208333 71.793 71.250
1064453.1250000 102.887 46.290
1066080.7291667 101.455 79.549
1067708.3333333 90.113 59.844
1069335.9375000 101.564 70.712
1070963.5416667 92.019 57.906
1072591.1458333 119.608 72.546
1074218.7500000 83.049 92.455
1075846.3541667 82.847 59.783
1077473.9583333 88.883 71.050
1079101.5625000 83.704 53.500
1080729.1666667 101.628 62.890
1082356.7708333 85.688 63.538
1083984.3750000 98.665 55.483
1085611.9791667 94.423 66.701
1087239.5833333 92.193 60.244
1088867.1875000 89.400 59.593
1090494.7916667 98.899 50.182
1092122.3958333 99.548 68.086
1093750.0000000 84.835 49.466
1095377.6041667 114.981 47.994
1097005.2083333 105.866 70.304
1098632.8125000 103.225 63.318
1100260.4166667 98.634 74.109
1101888.0208333 89.950 60.761
1103515.6250000 101.862 61.541
1105143.2291667 99.229 66.357
1106770.8333333 97.884 73.475
1108398.4375000 80.812 69.167
1110026.0416667 88.818 54.369
1111653.6458333 91.516 60.224
1113281.2500000 93.702 55.384
1114908.8541667 93.646 65.058
1116536.4583333 83.434 56.584
1118164.0625000 89.694 52.390
1119791.6666667 88.645 44.860
1121419.2708333 107.458 45.511
1123046.8750000 101.530 60.675
1124674.4791667 101.096 56.207
1126302.0833333 93.055 65.566
1127929.6875000 89.546 43.536
1129557.2916667 112.418 55.195
1131184.8958333 93.378 62.841
1132812.5000000 103.355 54.103
1134440.1041667 92.600 67.391
1136067.7083333 92.601 46.840
1137695.3125000 103.343 62.079
1139322.9166667 87.295 52.573
1140950.5208333 109.122 51.114
1142578.1250000 95.862 68.233
1144205.7291667 92.823 54.841
1145833.3333333 93.688 60.511
1147460.9375000 91.245 51.784
1149088.5416667 95.860 57.339
1150716.1458333 89.633 50.160
1152343.7500000 101.636 53.770
1153971.3541667 87.565 57.645
1155598.9583333 96.089 44.437
1157226.5625000 97.588 56.844
1158854.1666667 92.953 49.083
1160481.7708333 96.784 54.703
1162109.3750000 90.121 46.274
1163736.9791667 104.014 49.987
1165364.5833333 88.346 54.394
1166992.1875000 100.694 37.264
1168619.7916667 107.175 58.821
1170247.3958333 90.604 53.264
1171875.0000000 97.922 48.838
1173502.6041667 95.232 47.125
1175130.2083333 106.526 47.118
1176757.8125000 100.285 58.848
1178385.4166667 97.233 51.683
1180013.0208333 98.694 58.221
1181640.6250000 89.180 53.855
1183268.2291667 94.299 48.176
1184895.8333333 95.085 51.151
1186523.4375000 92.107 50.538
1188151.0416667 92.090 45.380
1189778.6458333 96.551 46.959
1191406.2500000 91.193 45.076
1193033.8541667 100.927 39.030
1194661.4583333 101.508 50.974
1196289.0625000 95.621 44.826
1197916.6666667 101.808 48.366
1199544.2708333 93.628 46.878
1201171.8750000 102.621 42.817
1202799.4791667 97.736 51.428
1204427.0833333 95.899 40.650
1206054.6875000 105.674 43.146
1207682.2916667 106.986 48.563
1209309.8958333 103.532 57.437
1210937.5000000 93.252 52.976
1212565.1041667 96.725 51.566
1214192.7083333 86.093 48.655
1215820.3125000 96.920 33.986
1217447.9166667 104.615 46.274
1219075.5208333 100.331 44.596
1220703.1250000 103.144 50.975
1222330.7291667 94.121 45.844
1223958.3333333 106.500 45.296
1225585.9375000 96.253 54.815
1227213.5416667 97.928 43.374
1228841.1458333 98.717 52.648
1230468.7500000 95.158 40.785
1232096.3541667 110.258 52.672
1233723.9583333 87.378 59.930
1235351.5625000 90.610 40.389
1236979.1666667 97.762 47.562
1238606.7708333 94.614 47.531
1240234.3750000 89.773 49.911
1241861.9791667 87.258 35.748
1243489.5833333 103.173 38.274
1245117.1875000 97.469 45.955
1246744.7916667 99.255 44.098
1248372.3958333 94.250 47.545
1250000.0000000 96.467 41.669
1251627.6041667 94.962 48.152
1253255.2083333 92.714 39.641
1254882.8125000 98.309 47.362
1256510.4166667 85.595 41.656
1258138.0208333 99.436 36.280
1259765.6250000 90.464 46.349
1261393.2291667 92.545 29.771
1263020.8333333 102.579 40.379
1264648.4375000 95.413 37.238
1266276.0416667 104.178 42.011
1267903.6458333 90.819 43.532
1269531.2500000 100.996 33.295
1271158.8541667 100.243 47.620
1272786.4583333 92.433 39.977
1274414.0625000 95.967 41.846
1276041.6666667 90.456 35.911
1277669.2708333 100.117 34.458
1279296.8750000 96.173 38.461
1280924.4791667 100.207 34.203
1282552.0833333 100.575 40.438
1284179.6875000 97.678 39.103
1285807.2916667 95.587 37.666
1287434.8958333 102.026 32.243
1289062.5000000 103.651 45.478
1290690.1041667 91.017 37.277
1292317.7083333 105.261 35.368
1293945.3125000 94.926 43.969
1295572.9166667 99.841 31.872
1297200.5208333 101.000 45.314
1298828.1250000 92.994 33.964
1300455.7291667 105.128 40.787
1302083.3333333 87.911 40.691
1303710.9375000 101.050 26.288
1305338.5416667 104.902 40.546
1306966.1458333 101.312 39.397
1308593.7500000 96.056 45.566
1310221.3541667 92.639 30.854
1311848.9583333 106.905 40.426
1313476.5625000 88.363 41.782
1315104.1666667 101.060 29.218
1316731.7708333 97.603 43.444
1318359.3750000 96.370 29.998
1319986.9791667 103.924 44.439
1321614.5833333 85.328 37.285
1323242.1875000 100.132 28.961
1324869.7916667 94.504 37.107
1326497.3958333 98.744 26.949
1328125.0000000 101.860 35.087
1329752.6041667 102.666 29.691
1331380.2083333 107.423 42.679
1333007.8125000 91.672 38.021
1334635.4166667 104.190 31.093
1336263.0208333 100.639 41.189
1337890.6250000 101.194 35.971
1339518.2291667 99.471 45.048
1341145.8333333 91.804 36.954
1342773.4375000 99.058 38.073
1344401.0416667 91.370 40.101
1346028.6458333 91.745 34.028
1347656.2500000 91.570 31.799
1349283.8541667 96.436 28.142
1350911.4583333 99.276 30.191
1352539.0625000 104.526 33.268
1354166.6666667 96.660 43.251
1355794.2708333 90.235 30.612
1357421.8750000 100.153 33.449
1359049.4791667 91.901 32.787
1360677.0833333 102.187 29.666
1362304.6875000 94.130 39.352
1363932.2916667 95.096 26.183
1365559.8958333 100.467 37.688
1367187.5000000 89.129 28.591
1368815.1041667 106.430 28.558
1370442.7083333 94.626 41.391
1372070.3125000 93.283 28.249
1373697.9166667 97.229 34.646
1375325.5208333 91.898 29.405
1376953.1250000 97.071 29.471
1378580.7291667 95.279 26.960
1380208.3333333 103.838 29.592
1381835.9375000 96.170 36.642
1383463.5416667 95.258 29.973
1385091.1458333 95.555 32.918
1386718.7500000 93.733 28.945
1388346.3541667 94.859 29.395
1389973.9583333 96.087 24.447
1391601.5625000 102.183 31.046
1393229.1666667 92.469 30.878
1394856.7708333 100.101 24.961
1396484.3750000 98.412 33.439
1398111.9791667 96.437 28.590
1399739.5833333 96.278 33.320
1401367.1875000 91.943 25.853
1402994.7916667 100.006 28.392
1404622.3958333 92.409 28.749
1406250.0000000 100.132 24.801
1407877.6041667 94.580 32.232
1409505.2083333 95.885 21.482
1411132.8125000 101.520 31.279
1412760.4166667 91.861 26.958
1414388.0208333 99.780 25.458
1416015.6250000 94.014 26.190
1417643.2291667 103.873 21.695
1419270.8333333 100.488 34.192
1420898.4375000 96.720 25.519
1422526.0416667 102.067 33.924
1424153.6458333 88.913 31.101
1425781.2500000 95.807 23.263
1427408.8541667 95.912 26.061
1429036.4583333 100.487 24.827
1430664.0625000 96.419 31.941
1432291.6666667 94.102 23.253
1433919.2708333 101.635 27.405
1435546.8750000 96.817 31.078
1437174.4791667 93.432 31.973
1438802.0833333 87.950 24.498
1440429.6875000 97.976 22.379
1442057.2916667 91.673 28.054
1443684.8958333 95.181 18.497
1445312.5000000 97.404 27.757
1446940.1041667 92.051 18.811
1448567.7083333 104.059 24.096
1450195.3125000 91.832 27.370
1451822.9166667 100.218 19.717
1453450.5208333 95.282 30.704
1455078.1250000 93.318 17.174
1456705.7291667 103.373 26.493
1458333.3333333 92.105 25.383
1459960.9375000 100.280 23.428
1461588.5416667 91.328 28.075
1463216.1458333 95.740 17.636
1464843.7500000 97.496 26.266
1466471.3541667 93.969 18.884
1468098.9583333 101.977 23.999
1469726.5625000 94.203 25.430
1471354.1666667 97.665 23.822
1472981.7708333 91.258 24.753
1474609.3750000 96.778 17.453
1476236.9791667 97.104 25.086
1477864.5833333 95.476 18.747
1479492.1875000 100.711 26.444
1481119.7916667 88.817 24.416
1482747.3958333 96.138 16.755
1484375.0000000 96.369 22.222
1486002.6041667 97.113 19.588
1487630.2083333 96.505 24.188
1489257.8125000 93.727 19.991
1490885.4166667 96.694 21.971
1492513.0208333 92.090 20.953
1494140.6250000 93.736 17.696
1495768.2291667 94.525 15.059
1497395.8333333 100.748 15.633
1499023.4375000 99.081 18.814
1500651.0416667 104.069 19.101
1502278.6458333 97.322 29.310
1503906.2500000 90.698 16.785
1505533.8541667 101.209 19.249
1507161.4583333 93.761 19.623
1508789.0625000 102.929 17.098
1510416.6666667 95.218 25.428
1512044.2708333 98.591 12.810
1513671.8750000 105.022 28.481
1515299.4791667 87.641 22.604
1516927.0833333 101.448 14.973
1518554.6875000 97.835 26.608
1520182.2916667 94.678 20.135
1521809.8958333 96.043 23.336
1523437.5000000 92.835 20.357
1525065.1041667 93.536 19.903
1526692.7083333 94.824 15.506
1528320.3125000 98.968 22.171
1529947.9166667 88.610 18.525
1531575.5208333 100.694 12.381
1533203.1250000 96.534 25.008
1534830.7291667 92.033 13.304
1536458.3333333 102.061 17.501
1538085.9375000 97.036 19.496
1539713.5416667 100.698 21.204
1541341.1458333 93.384 23.168
1542968.7500000 96.740 18.692
1544596.3541667 92.185 23.373
1546223.9583333 92.606 12.642
1547851.5625000 101.146 18.586
1549479.1666667 97.123 20.317
1551106.7708333 98.764 25.841
1552734.3750000 84.948 24.209
1554361.9791667 91.893 11.978
1555989.5833333 94.079 19.623
1557617.1875000 91.458 13.403
1559244.7916667 96.847 15.962
1560872.3958333 94.753 14.258
1562500.0000000 100.311 17.449
1564127.6041667 93.687 18.765
1565755.2083333 99.359 15.170
1567382.8125000 96.693 21.208
1569010.4166667 99.130 16.645
1570638.0208333 98.004 27.994
1572265.6250000 87.390 18.675
1573893.2291667 99.155 18.420
1575520.8333333 90.199 23.990
1577148.4375000 93.667 16.506
1578776.0416667 91.367 22.675
1580403.6458333 92.063 13.466
1582031.2500000 97.842 23.798
1583658.8541667 85.355 19.401
1585286.4583333 96.871 14.726
1586914.0625000 92.006 24.593
1588541.6666667 89.146 17.967
1590169.2708333 89.651 19.201
1591796.8750000 91.448 14.137
1593424.4791667 94.993 21.667
1595052.0833333 86.873 18.917
1596679.6875000 93.138 16.887
1598307.2916667 89.498 19.741
1599934.8958333 93.303 17.765
1601562.5000000 88.525 23.698
1603190.1041667 88.552 15.815
1604817.7083333 91.393 24.498
1606445.3125000 80.621 19.156
1608072.9166667 88.569 15.387
1609700.5208333 83.978 17.252
1611328.1250000 91.165 11.960
1612955.7291667 89.905 21.977
1614583.3333333 86.773 15.818
1616210.9375000 89.468 22.661
1617838.5416667 80.034 16.232
1619466.1458333 92.339 14.207
1621093.7500000 85.558 22.710
1622721.3541667 88.370 15.423
1624348.9583333 88.132 27.561
1625976.5625000 76.854 20.336
1627604.1666667 84.199 18.198
1629231.7708333 79.106 20.271
1630859.3750000 81.836 16.189
1632486.9791667 81.379 18.659
1634114.5833333 84.098 18.249
1635742.1875000 79.502 25.638
1637369.7916667 74.122 17.318
1638997.3958333 81.409 19.570
1640625.0000000 74.588 23.173
1642252.6041667 74.368 19.952
1643880.2083333 72.079 21.069
1645507.8125000 73.216 19.922
1647135.4166667 68.687 25.645
1648763.0208333 61.774 19.696
1650390.6250000 63.872 17.705
1652018.2291667 61.914 18.182
1653645.8333333 58.063 20.959
1655273.4375000 47.775 14.347
1656901.0416667 53.578 7.267
1658528.6458333 46.687 12.466
1660156.2500000 41.450 -3.245
1661783.8541667 51.710 -3.227
1663411.4583333 41.333 -2.127
1665039.0625000 40.173 -16.954
